1138 1138 4054
1 1 1474.78
5 1 -9.01713
563 1 -5.73066
2 2 9.13665
10 2 -3.40599
563 2 -5.73066
3 3 69.6147
11 3 -8.81057
34 3 -31.1527
35 3 -16.0668
104 3 -4.86926
475 3 -8.71536
4 4 68.6011
7 4 -34.6202
27 4 -0.475511
101 4 -28.665
102 4 -0.746324
103 4 -4.094
1 5 -9.01713
5 5 13.888
9 5 -4.87092
6 6 116.829
7 6 -10.9612
37 6 -56.8182
98 6 -10.8814
103 6 -38.1679
4 7 -34.6202
6 7 -10.9612
7 7 52.7673
37 7 -4.77373
101 7 -0.777242
102 7 -1.07297
103 7 -0.561829
8 8 30.2579
26 8 -3.75249
35 8 -0.497587
724 8 -26.0078
5 9 -4.87092
9 9 7.17445
10 9 -0.905633
104 9 -1.3979
2 10 -3.40599
9 10 -0.905633
10 10 5.70953
104 10 -1.3979
3 11 -8.81057
11 11 27.1858
12 11 -1.2387
38 11 -7.4184
566 11 -9.71817
11 12 -1.2387
12 12 1.2387
13 13 7.14265
34 13 -1.85192
104 13 -5.29073
14 14 12.9534
413 14 -12.9534
15 15 1696.76
16 15 -30.6748
17 15 -30.4878
18 15 -30.3951
19 15 -30.3951
411 15 -1574.8
15 16 -30.6748
16 16 30.6748
15 17 -30.4878
17 17 30.4878
15 18 -30.3951
18 18 30.3951
15 19 -30.3951
19 19 30.3951
20 20 5746.12
21 20 -5714.29
37 20 -18.2482
102 20 -13.587
20 21 -5714.29
21 21 5735.02
22 21 -5.20562
23 21 -5.18672
24 21 -5.18135
25 21 -5.16262
21 22 -5.20562
22 22 5.20562
21 23 -5.18672
23 23 5.18672
21 24 -5.18135
24 24 5.18135
21 25 -5.16262
25 25 5.16262
8 26 -3.75249
26 26 4.37134
35 26 -0.61885
4 27 -0.475511
27 27 9.12347
28 27 -2.3736
29 27 -2.43902
30 27 -1.19033
101 27 -2.645
27 28 -2.3736
28 28 2.3736
27 29 -2.43902
29 29 2.43902
27 30 -1.19033
30 30 1.19033
31 31 1.68821
32 31 -0.625469
100 31 -1.06274
31 32 -0.625469
32 32 1.68821
100 32 -1.06274
33 33 0.658198
100 33 -0.658198
3 34 -31.1527
13 34 -1.85192
34 34 56.3146
104 34 -10.1348
553 34 -13.1752
3 35 -16.0668
8 35 -0.497587
26 35 -0.61885
35 35 10018.3
104 35 -1.11276
710 35 -10000
36 36 10000
711 36 -10000
6 37 -56.8182
7 37 -4.77373
20 37 -18.2482
37 37 80.3335
102 37 -0.493437
11 38 -7.4184
38 38 74.9912
39 38 -15.674
98 38 -46.2963
412 38 -5.60255
38 39 -15.674
39 39 16.4174
99 39 -0.743439
40 40 245.934
41 40 -126.582
43 40 -55.2486
45 40 -64.1026
40 41 -126.582
41 41 988.901
42 41 -28.9855
44 41 -833.333
41 42 -28.9855
42 42 28.9855
40 43 -55.2486
43 43 4403.07
146 43 -4347.83
41 44 -833.333
44 44 10833.3
486 44 -10000
40 45 -64.1026
45 45 118.747
49 45 -54.6448
46 46 10000
48 46 -10000
47 47 104.932
48 47 -104.932
46 48 -10000
47 48 -104.932
48 48 20183.4
54 48 -78.4314
506 48 -10000
45 49 -54.6448
49 49 288.754
50 49 -126.582
53 49 -107.527
49 50 -126.582
50 50 988.901
51 50 -28.9855
52 50 -833.333
50 51 -28.9855
51 51 28.9855
50 52 -833.333
52 52 874.317
125 52 -40.9836
49 53 -107.527
53 53 1586.1
54 53 -1428.57
55 53 -50
48 54 -78.4314
53 54 -1428.57
54 54 1957.63
425 54 -119.048
445 54 -184.524
447 54 -147.059
53 55 -50
55 55 50
56 56 29.3255
63 56 -29.3255
57 57 112.36
66 57 -112.36
58 58 15.6494
70 58 -15.6494
59 59 24.3309
67 59 -24.3309
60 60 104.167
68 60 -104.167
61 61 125
130 61 -125
62 62 50.7614
129 62 -50.7614
56 63 -29.3255
63 63 10059.5
64 63 -30.2115
65 63 -10000
63 64 -30.2115
64 64 159.71
71 64 -40.9836
131 64 -16.0514
226 64 -72.4638
63 65 -10000
65 65 10015.9
1095 65 -15.9236
57 66 -112.36
66 66 442.002
67 66 -97.0874
68 66 -24.2718
74 66 -32.6533
183 66 -147.059
226 66 -28.5714
59 67 -24.3309
66 67 -97.0874
67 67 167.407
68 67 -30.6748
69 67 -15.3139
60 68 -104.167
66 68 -24.2718
67 68 -30.6748
68 68 289.293
74 68 -47.5921
90 68 -32.3365
201 68 -50.2513
67 69 -15.3139
69 69 190.752
70 69 -175.439
58 70 -15.6494
69 70 -175.439
70 70 225.508
182 70 -4.9554
196 70 -5.17063
1063 70 -4.62321
1065 70 -16.4745
1074 70 -3.19591
64 71 -40.9836
71 71 96.5392
72 71 -55.5556
71 72 -55.5556
72 72 84.9206
73 72 -5.55556
121 72 -23.8095
72 73 -5.55556
73 73 5.55556
66 74 -32.6533
68 74 -47.5921
74 74 384.902
75 74 -40.3226
76 74 -25.4453
78 74 -34.3871
80 74 -15.8228
119 74 -188.679
74 75 -40.3226
75 75 693.104
204 75 -645.161
810 75 -4.6083
918 75 -3.01205
74 76 -25.4453
76 76 147.394
77 76 -30.03
78 76 -36.3636
127 76 -55.5556
76 77 -30.03
77 77 5030.03
1050 77 -5000
74 78 -34.3871
76 78 -36.3636
78 78 262.67
79 78 -90.9091
452 78 -101.01
78 79 -90.9091
79 79 564.421
416 79 -48.0769
417 79 -48.0769
454 79 -377.358
74 80 -15.8228
80 80 657.167
81 80 -67.1141
447 80 -476.19
452 80 -98.0392
80 81 -67.1141
81 81 420.01
448 81 -158.73
450 81 -175.439
464 81 -18.7266
82 82 4.97512
94 82 -4.97512
83 83 17.2414
94 83 -17.2414
84 84 17.5747
95 84 -17.5747
85 85 439.08
87 85 -172.414
126 85 -266.667
86 86 6807.5
87 86 -5000
241 86 -46.5116
251 86 -71.9424
253 86 -74.6269
267 86 -94.7867
269 86 -277.778
283 86 -138.889
291 86 -49.0196
293 86 -57.1429
294 86 -57.1429
302 86 -689.655
315 86 -250
85 87 -172.414
86 87 -5000
87 87 5319.47
88 87 -147.059
87 88 -147.059
88 88 147.059
89 89 65.3412
105 89 -38.3142
115 89 -27.027
68 90 -32.3365
90 90 64.8306
91 90 -32.4941
90 91 -32.4941
91 91 645.056
92 91 -163.651
108 91 -67.5676
115 91 -24.1999
116 91 -357.143
91 92 -163.651
92 92 258.89
93 92 -95.2381
92 93 -95.2381
93 93 612.185
94 93 -10.9051
252 93 -131.579
264 93 -12.6743
271 93 -66.0066
288 93 -65.3595
292 93 -31.8471
293 93 -38.3142
294 93 -38.3142
322 93 -32.1543
323 93 -34.8432
324 93 -24.0385
325 93 -14.4092
326 93 -16.5017
82 94 -4.97512
83 94 -17.2414
93 94 -10.9051
94 94 464.085
96 94 -4.80077
264 94 -239.447
318 94 -110.67
325 94 -76.0456
84 95 -17.5747
95 95 76.572
97 95 -8.285
262 95 -9.67118
268 95 -7.14286
300 95 -33.8983
94 96 -4.80077
96 96 10022.9
145 96 -7.24113
704 96 -10.8578
705 96 -10000
95 97 -8.285
97 97 12.1208
268 97 -3.83583
6 98 -10.8814
38 98 -46.2963
98 98 57.1777
39 99 -0.743439
99 99 3.13407
413 99 -2.39063
31 100 -1.06274
32 100 -1.06274
33 100 -0.658198
100 100 40.74
725 100 -35.5872
732 100 -2.36911
4 101 -28.665
7 101 -0.777242
27 101 -2.645
101 101 34.2926
102 101 -0.754091
103 101 -1.4513
4 102 -0.746324
7 102 -1.07297
20 102 -13.587
37 102 -0.493437
101 102 -0.754091
102 102 47.0413
103 102 -30.3875
4 103 -4.094
6 103 -38.1679
7 103 -0.561829
101 103 -1.4513
102 103 -30.3875
103 103 10074.7
478 103 -10000
3 104 -4.86926
9 104 -1.3979
10 104 -1.3979
13 104 -5.29073
34 104 -10.1348
35 104 -1.11276
104 104 24.2033
89 105 -38.3142
105 105 420.762
106 105 -12.0773
109 105 -370.37
105 106 -12.0773
106 106 12.0773
107 107 32.1543
108 107 -32.1543
91 108 -67.5676
107 108 -32.1543
108 108 1008.81
110 108 -909.091
105 109 -370.37
109 109 10370.4
1029 109 -10000
108 110 -909.091
110 110 10974.8
111 110 -41.8456
328 110 -10000
367 110 -10.7701
370 110 -13.0805
110 111 -41.8456
111 111 10057
367 111 -7.27802
368 111 -7.82473
701 111 -10000
112 112 301.759
113 112 -7.42049
370 112 -8.62441
686 112 -285.714
112 113 -7.42049
113 113 10040.5
114 113 -7.62486
115 113 -25.4453
690 113 -10000
113 114 -7.62486
114 114 10007.6
1009 114 -10000
89 115 -27.027
91 115 -24.1999
113 115 -25.4453
115 115 76.6723
91 116 -357.143
116 116 436.123
117 116 -10.9529
126 116 -68.0272
116 117 -10.9529
117 117 10.9529
118 118 5.52181
119 118 -5.52181
74 119 -188.679
118 119 -5.52181
119 119 228.331
123 119 -34.1297
120 120 126.582
121 120 -126.582
72 121 -23.8095
120 121 -126.582
121 121 272.289
122 121 -70.8766
504 121 -51.0204
121 122 -70.8766
122 122 152.685
123 122 -40.4858
124 122 -41.3223
119 123 -34.1297
122 123 -40.4858
123 123 111.929
125 123 -37.3134
122 124 -41.3223
124 124 97.8116
125 124 -32.6797
127 124 -23.8095
52 125 -40.9836
123 125 -37.3134
124 125 -32.6797
125 125 363.286
126 125 -81.3869
129 125 -70.922
546 125 -100
85 126 -266.667
116 126 -68.0272
125 126 -81.3869
126 126 478.193
129 126 -62.1118
76 127 -55.5556
124 127 -23.8095
127 127 84.9206
128 127 -5.55556
127 128 -5.55556
128 128 5.55556
62 129 -50.7614
125 129 -70.922
126 129 -62.1118
129 129 183.795
61 130 -125
130 130 356.903
133 130 -136.986
173 130 -51.8135
213 130 -43.1035
64 131 -16.0514
131 131 896.646
132 131 -75.188
133 131 -769.231
136 131 -36.176
131 132 -75.188
132 132 101.01
144 132 -4.40917
742 132 -21.4133
130 133 -136.986
131 133 -769.231
133 133 918.78
134 133 -12.5628
133 134 -12.5628
134 134 12.5628
135 135 10030.2
136 135 -25.4453
139 135 -4.74834
740 135 -10000
131 136 -36.176
135 136 -25.4453
136 136 99.826
141 136 -38.2047
137 137 108.031
139 137 -72.4638
141 137 -27.3973
761 137 -8.16993
138 138 217.898
141 138 -28.9855
877 138 -59.8802
882 138 -129.032
135 139 -4.74834
137 139 -72.4638
139 139 90.0656
140 139 -12.8535
139 140 -12.8535
140 140 45.53
829 140 -18.6289
830 140 -14.0476
136 141 -38.2047
137 141 -27.3973
138 141 -28.9855
141 141 94.5875
142 142 36.7032
258 142 -21.5517
366 142 -15.1515
143 143 20014.6
144 143 -12.5
743 143 -2.09074
745 143 -10000
826 143 -10000
132 144 -4.40917
143 144 -12.5
144 144 10016.9
827 144 -10000
96 145 -7.24113
145 145 10022
318 145 -14.7711
703 145 -10000
43 146 -4347.83
146 146 7289
147 146 -2941.18
146 147 -2941.18
147 147 12941.2
148 147 -10000
147 148 -10000
148 148 10000
149 149 5.20562
166 149 -5.20562
150 150 73.5294
173 150 -73.5294
151 151 13.2979
175 151 -13.2979
152 152 10.4058
180 152 -10.4058
153 153 34.4828
183 153 -34.4828
154 154 13.7174
207 154 -13.7174
155 155 28.9855
198 155 -28.9855
156 156 144.928
213 156 -144.928
157 157 38.4615
219 157 -38.4615
158 158 28.0112
226 158 -28.0112
159 159 9.64196
182 159 -4.73037
205 159 -4.91159
160 160 21.3737
172 160 -10.01
233 160 -11.3636
161 161 10.9032
222 161 -4.73037
743 161 -6.17284
162 162 87.5117
163 162 -46.0829
169 162 -11.534
209 162 -7.45156
223 162 -12.6103
232 162 -9.83284
162 163 -46.0829
163 163 145.938
186 163 -46.5116
201 163 -13.6612
227 163 -39.6825
164 164 5.20562
166 164 -5.20562
165 165 117.694
166 165 -60.6061
167 165 -17.331
175 165 -11.1857
194 165 -28.5714
149 166 -5.20562
164 166 -5.20562
165 166 -60.6061
166 166 341.337
192 166 -80
201 166 -14.881
218 166 -175.439
165 167 -17.331
167 167 34.662
175 167 -17.331
168 168 69.6306
180 168 -9.38967
209 168 -60.241
162 169 -11.534
169 169 25.6384
187 169 -14.1044
170 170 30.2865
188 170 -22.779
194 170 -7.50751
171 171 52.2535
178 171 -39.2157
217 171 -13.0378
160 172 -10.01
172 172 66.8527
173 172 -42.5532
222 172 -4.87329
755 172 -9.4162
130 173 -51.8135
150 173 -73.5294
172 173 -42.5532
173 173 206.21
184 173 -38.3142
174 174 50.6339
211 174 -12.7551
216 174 -37.8788
151 175 -13.2979
165 175 -11.1857
167 175 -17.331
175 175 53.6349
179 175 -11.8203
176 176 860.803
177 176 -172.414
178 176 -20.9808
207 176 -667.408
176 177 -172.414
177 177 276.58
207 177 -104.167
171 178 -39.2157
176 178 -20.9808
178 178 88.1766
214 178 -15.0602
217 178 -12.9199
175 179 -11.8203
179 179 23.6407
203 179 -11.8203
152 180 -10.4058
168 180 -9.38967
180 180 28.4912
209 180 -8.69565
181 181 23.1482
183 181 -23.1482
70 182 -4.9554
159 182 -4.73037
182 182 61.5029
183 182 -29.9401
205 182 -16.7224
221 182 -5.15464
66 183 -147.059
153 183 -34.4828
181 183 -23.1482
182 183 -29.9401
183 183 398.019
184 183 -91.7431
201 183 -35.1494
226 183 -36.4963
173 184 -38.3142
183 184 -91.7431
184 184 192.135
193 184 -41.4079
213 184 -20.6697
185 185 8.06452
187 185 -8.06452
163 186 -46.5116
186 186 126.201
187 186 -41.6667
218 186 -38.0228
169 187 -14.1044
185 187 -8.06452
186 187 -41.6667
187 187 107.524
188 187 -29.6736
206 187 -8.69565
209 187 -5.31915
170 188 -22.779
187 188 -29.6736
188 188 52.4526
189 189 41.4979
211 189 -11.4679
216 189 -30.03
190 190 33.0033
199 190 -33.0033
191 191 1149.63
195 191 -10.7181
197 191 -14.7493
198 191 -1111.11
211 191 -13.0548
166 192 -80
192 192 824.642
199 192 -666.667
218 192 -63.2911
220 192 -14.6843
184 193 -41.4079
193 193 247.007
198 193 -60.6061
199 193 -106.383
208 193 -38.61
165 194 -28.5714
170 194 -7.50751
194 194 78.9974
216 194 -42.9185
191 195 -10.7181
195 195 36.8961
211 195 -26.178
70 196 -5.17063
196 196 5.17063
191 197 -14.7493
197 197 36.4884
212 197 -21.7391
155 198 -28.9855
191 198 -1111.11
193 198 -60.6061
198 198 1200.7
190 199 -33.0033
192 199 -666.667
193 199 -106.383
199 199 806.053
200 200 60.0913
201 200 -43.8748
202 200 -16.2165
68 201 -50.2513
163 201 -13.6612
166 201 -14.881
183 201 -35.1494
200 201 -43.8748
201 201 172.698
218 201 -14.881
200 202 -16.2165
202 202 20.9357
203 202 -4.71921
179 203 -11.8203
202 203 -4.71921
203 203 16.5395
75 204 -645.161
204 204 645.161
159 205 -4.91159
182 205 -16.7224
205 205 28.7262
221 205 -7.0922
187 206 -8.69565
206 206 18.8945
216 206 -10.1989
154 207 -13.7174
176 207 -667.408
177 207 -104.167
207 207 881.148
208 207 -84.3882
224 207 -11.4679
193 208 -38.61
207 208 -84.3882
208 208 122.998
162 209 -7.45156
168 209 -60.241
180 209 -8.69565
187 209 -5.31915
209 209 81.7073
210 210 1796.92
215 210 -11.2108
217 210 -1666.67
218 210 -119.048
174 211 -12.7551
189 211 -11.4679
191 211 -13.0548
195 211 -26.178
211 211 84.3763
212 211 -20.9205
197 212 -21.7391
211 212 -20.9205
212 212 42.6596
130 213 -43.1035
156 213 -144.928
184 213 -20.6697
213 213 282.23
504 213 -73.5294
178 214 -15.0602
214 214 65.8217
217 214 -50.7614
210 215 -11.2108
215 215 11.2108
174 216 -37.8788
189 216 -30.03
194 216 -42.9185
206 216 -10.1989
216 216 148.126
218 216 -27.1003
171 217 -13.0378
178 217 -12.9199
210 217 -1666.67
214 217 -50.7614
217 217 1743.39
166 218 -175.439
186 218 -38.0228
192 218 -63.2911
201 218 -14.881
210 218 -119.048
216 218 -27.1003
218 218 437.781
157 219 -38.4615
219 219 150.984
220 219 -86.2069
230 219 -26.3158
192 220 -14.6843
219 220 -86.2069
220 220 100.891
182 221 -5.15464
205 221 -7.0922
221 221 18.9961
222 221 -3.15856
225 221 -3.59066
161 222 -4.73037
172 222 -4.87329
221 222 -3.15856
222 222 91.1827
225 222 -26.2467
233 222 -49.505
743 222 -2.6688
162 223 -12.6103
223 223 54.6272
232 223 -42.0168
207 224 -11.4679
224 224 18.7353
1026 224 -7.26744
221 225 -3.59066
222 225 -26.2467
225 225 29.8374
64 226 -72.4638
66 226 -28.5714
158 226 -28.0112
183 226 -36.4963
226 226 165.543
163 227 -39.6825
227 227 85.7655
228 227 -46.0829
227 228 -46.0829
228 228 97.4273
229 228 -27.6243
231 228 -12.7551
232 228 -10.9649
228 229 -27.6243
229 229 27.6243
219 230 -26.3158
230 230 26.3158
228 231 -12.7551
231 231 31.2053
232 231 -18.4502
162 232 -9.83284
223 232 -42.0168
228 232 -10.9649
231 232 -18.4502
232 232 81.2648
160 233 -11.3636
222 233 -49.505
233 233 60.8686
234 234 29.1759
236 234 -14.556
307 234 -14.6199
235 235 2117.08
236 235 -67.5676
243 235 -14.5985
270 235 -2000
272 235 -9.2081
298 235 -12.8535
299 235 -12.8535
234 236 -14.556
235 236 -67.5676
236 236 90.2339
286 236 -8.1103
237 237 123.457
261 237 -2.81849
287 237 -18.9753
309 237 -69.6864
366 237 -4.00481
702 237 -27.972
238 238 188.15
239 238 -41.2546
270 238 -146.896
238 239 -41.2546
239 239 59.248
270 239 -15.3374
281 239 -2.65604
240 240 7.91766
259 240 -7.91766
86 241 -46.5116
241 241 2888.02
242 241 -185.185
246 241 -89.2857
253 241 -123.457
257 241 -92.5926
266 241 -123.457
275 241 -13.4409
279 241 -31.746
289 241 -30.03
291 241 -833.333
292 241 -833.333
293 241 -138.889
294 241 -138.889
299 241 -13.2802
310 241 -16.8067
321 241 -88.4956
327 241 -89.2857
241 242 -185.185
242 242 314.792
244 242 -57.1429
245 242 -72.4638
235 243 -14.5985
243 243 14.5985
242 244 -57.1429
244 244 118.493
272 244 -61.3497
242 245 -72.4638
245 245 95.938
298 245 -23.4742
241 246 -89.2857
246 246 113.152
310 246 -23.8664
247 247 582.77
248 247 -270.27
255 247 -312.5
247 248 -270.27
248 248 502.828
255 248 -232.558
249 249 1666.67
282 249 -1666.67
250 250 1123.71
257 250 -92.5926
263 250 -78.7402
289 250 -119.048
317 250 -833.333
86 251 -71.9424
251 251 210.831
267 251 -138.889
93 252 -131.579
252 252 288.219
310 252 -21.5054
313 252 -135.135
86 253 -74.6269
241 253 -123.457
253 253 198.084
254 254 383.772
255 254 -208.333
285 254 -175.439
247 255 -312.5
248 255 -232.558
254 255 -208.333
255 255 910.256
258 255 -31.4465
260 255 -71.9424
263 255 -53.4759
256 256 10133
290 256 -52.356
317 256 -10000
321 256 -80.6452
241 257 -92.5926
250 257 -92.5926
257 257 185.185
142 258 -21.5517
255 258 -31.4465
258 258 261.849
261 258 -128.205
327 258 -80.6452
240 259 -7.91766
259 259 20.8543
278 259 -12.9366
255 260 -71.9424
260 260 190.99
289 260 -119.048
237 261 -2.81849
258 261 -128.205
261 261 131.024
95 262 -9.67118
262 262 183.095
268 262 -26.178
276 262 -62.5
314 262 -84.7458
250 263 -78.7402
255 263 -53.4759
263 263 132.216
93 264 -12.6743
94 264 -239.447
264 264 383.701
311 264 -131.579
265 265 1017.58
276 265 -1000
300 265 -17.5747
241 266 -123.457
266 266 246.914
307 266 -123.457
86 267 -94.7867
251 267 -138.889
267 267 566.013
282 267 -144.928
284 267 -77.5194
302 267 -109.89
95 268 -7.14286
97 268 -3.83583
262 268 -26.178
268 268 158.607
270 268 -53.8828
301 268 -67.5676
86 269 -277.778
269 269 486.111
284 269 -208.333
235 270 -2000
238 270 -146.896
239 270 -15.3374
268 270 -53.8828
270 270 2317.2
275 270 -12.7714
279 270 -8.25764
280 270 -29.3255
318 270 -34.3643
320 270 -16.3666
93 271 -66.0066
271 271 66.0066
235 272 -9.2081
244 272 -61.3497
272 272 70.5578
273 273 1295.09
274 273 -303.03
303 273 -714.286
315 273 -277.778
273 274 -303.03
274 274 606.061
312 274 -303.03
241 275 -13.4409
270 275 -12.7714
275 275 26.2123
262 276 -62.5
265 276 -1000
276 276 1062.5
277 277 5086.96
285 277 -86.9565
289 277 -5000
259 278 -12.9366
278 278 27.5565
309 278 -14.6199
241 279 -31.746
270 279 -8.25764
279 279 40.0037
270 280 -29.3255
280 280 29.3255
239 281 -2.65604
281 281 2.65604
249 282 -1666.67
267 282 -144.928
282 282 1811.59
86 283 -138.889
283 283 214.647
292 283 -75.7576
267 284 -77.5194
269 284 -208.333
284 284 285.853
254 285 -175.439
277 285 -86.9565
285 285 262.395
236 286 -8.1103
286 286 8.1103
237 287 -18.9753
287 287 18.9753
93 288 -65.3595
288 288 127.471
291 288 -62.1118
241 289 -30.03
250 289 -119.048
260 289 -119.048
277 289 -5000
289 289 5268.13
256 290 -52.356
290 290 52.356
86 291 -49.0196
241 291 -833.333
288 291 -62.1118
291 291 944.465
93 292 -31.8471
241 292 -833.333
283 292 -75.7576
292 292 940.938
86 293 -57.1429
93 293 -38.3142
241 293 -138.889
293 293 234.346
86 294 -57.1429
93 294 -38.3142
241 294 -138.889
294 294 234.346
295 295 38.3142
298 295 -38.3142
296 296 101.01
297 296 -101.01
296 297 -101.01
297 297 118.432
299 297 -17.4216
235 298 -12.8535
245 298 -23.4742
295 298 -38.3142
298 298 74.6418
235 299 -12.8535
241 299 -13.2802
297 299 -17.4216
299 299 43.5553
95 300 -33.8983
265 300 -17.5747
300 300 122.395
696 300 -70.922
268 301 -67.5676
301 301 153.774
314 301 -86.2069
86 302 -689.655
267 302 -109.89
302 302 799.545
273 303 -714.286
303 303 1428.57
312 303 -714.286
304 304 1380.58
305 304 -263.158
315 304 -208.333
329 304 -909.091
304 305 -263.158
305 305 459.236
315 305 -196.078
306 306 37.8788
322 306 -37.8788
234 307 -14.6199
266 307 -123.457
307 307 138.077
308 308 81.3008
323 308 -81.3008
237 309 -69.6864
278 309 -14.6199
309 309 84.3063
241 310 -16.8067
246 310 -23.8664
252 310 -21.5054
310 310 62.1784
264 311 -131.579
311 311 200.544
326 311 -68.9655
274 312 -303.03
303 312 -714.286
312 312 1295.09
315 312 -277.778
252 313 -135.135
313 313 135.135
262 314 -84.7458
301 314 -86.2069
314 314 170.953
86 315 -250
273 315 -277.778
304 315 -208.333
305 315 -196.078
312 315 -277.778
315 315 1688.8
316 315 -322.581
319 315 -125
323 315 -31.25
315 316 -322.581
316 316 360.175
322 316 -37.594
250 317 -833.333
256 317 -10000
317 317 10833.3
94 318 -110.67
145 318 -14.7711
270 318 -34.3643
318 318 169.825
704 318 -10.02
315 319 -125
319 319 1236.11
329 319 -1111.11
270 320 -16.3666
320 320 16.3666
241 321 -88.4956
256 321 -80.6452
321 321 169.141
93 322 -32.1543
306 322 -37.8788
316 322 -37.594
322 322 107.627
93 323 -34.8432
308 323 -81.3008
315 323 -31.25
323 323 147.394
93 324 -24.0385
324 324 51.8936
325 324 -27.8551
93 325 -14.4092
94 325 -76.0456
324 325 -27.8551
325 325 118.31
93 326 -16.5017
311 326 -68.9655
326 326 85.4672
241 327 -89.2857
258 327 -80.6452
327 327 169.931
110 328 -10000
328 328 10000
304 329 -909.091
319 329 -1111.11
329 329 2020.2
330 330 2.40964
335 330 -2.40964
331 331 0.881057
336 331 -0.881057
332 332 1.66667
337 332 -1.66667
333 333 2.60892
350 333 -2.60892
334 334 1.44613
350 334 -1.44613
330 335 -2.40964
335 335 30.2648
337 335 -27.8551
331 336 -0.881057
336 336 218.272
337 336 -217.391
332 337 -1.66667
335 337 -27.8551
336 337 -217.391
337 337 260.917
338 337 -3.84025
339 337 -3.9557
340 337 -6.20819
337 338 -3.84025
338 338 19.0842
340 338 -15.2439
337 339 -3.9557
339 339 19.1996
340 339 -15.2439
337 340 -6.20819
338 340 -15.2439
339 340 -15.2439
340 340 59.702
341 340 -8.1103
342 340 -14.8957
340 341 -8.1103
341 341 20.8817
342 341 -12.7714
340 342 -14.8957
341 342 -12.7714
342 342 66.7209
343 342 -5.67537
344 342 -10.7124
345 342 -4.21585
370 342 -18.4502
342 343 -5.67537
343 343 15.1451
346 343 -9.4697
342 344 -10.7124
344 344 28.1037
346 344 -17.3913
342 345 -4.21585
345 345 26.6374
346 345 -22.4215
343 346 -9.4697
344 346 -17.3913
345 346 -22.4215
346 346 102.521
347 346 -14.0845
349 346 -20.7039
367 346 -18.4502
346 347 -14.0845
347 347 54.5703
348 347 -40.4858
347 348 -40.4858
348 348 79.0959
349 348 -38.61
346 349 -20.7039
348 349 -38.61
349 349 83.5858
350 349 -24.2718
333 350 -2.60892
334 350 -1.44613
349 350 -24.2718
350 350 28.3269
351 351 7.37463
366 351 -7.37463
352 352 14.9126
353 352 -5.28933
408 352 -2.93427
409 352 -6.68896
352 353 -5.28933
353 353 17.0489
363 353 -3.81679
382 353 -7.94281
354 354 28.9787
382 354 -6.19963
383 354 -22.779
355 355 2.16497
375 355 -2.16497
356 356 13.5956
383 356 -5.34474
398 356 -8.25083
357 357 1.30731
394 357 -0.57006
395 357 -0.737246
358 358 46.9484
479 358 -46.9484
359 359 18.5545
474 359 -18.5545
360 360 8.05153
715 360 -8.05153
361 361 509.452
479 361 -9.4518
480 361 -500
362 362 22.4661
403 362 -11.0375
714 362 -11.4286
353 363 -3.81679
363 363 96.662
364 363 -9.14913
365 363 -9.14913
373 363 -9.14913
374 363 -9.14913
388 363 -34.965
395 363 -4.92611
407 363 -10.7585
474 363 -5.5991
363 364 -9.14913
364 364 9.14913
363 365 -9.14913
365 365 9.14913
142 366 -15.1515
237 366 -4.00481
351 366 -7.37463
366 366 41.8684
699 366 -15.3374
110 367 -10.7701
111 367 -7.27802
346 367 -18.4502
367 367 307.332
368 367 -104.167
372 367 -166.667
111 368 -7.82473
367 368 -104.167
368 368 111.991
369 369 72.9927
371 369 -72.9927
110 370 -13.0805
112 370 -8.62441
342 370 -18.4502
370 370 40.155
369 371 -72.9927
371 371 239.659
372 371 -166.667
367 372 -166.667
371 372 -166.667
372 372 333.333
363 373 -9.14913
373 373 9.14913
363 374 -9.14913
374 374 9.14913
355 375 -2.16497
375 375 122.031
376 375 -2.01939
377 375 -2.01939
378 375 -2.01939
379 375 -1.95963
380 375 -1.95963
381 375 -1.95963
389 375 -105.82
404 375 -2.10881
375 376 -2.01939
376 376 2.01939
375 377 -2.01939
377 377 2.01939
375 378 -2.01939
378 378 2.01939
375 379 -1.95963
379 379 1.95963
375 380 -1.95963
380 380 1.95963
375 381 -1.95963
381 381 1.95963
353 382 -7.94281
354 382 -6.19963
382 382 14.1424
354 383 -22.779
356 383 -5.34474
383 383 84.2663
384 383 -8.14332
385 383 -8.03213
386 383 -16.5017
387 383 -16.5017
392 383 -6.96379
383 384 -8.14332
384 384 8.14332
383 385 -8.03213
385 385 8.03213
383 386 -16.5017
386 386 16.5017
383 387 -16.5017
387 387 16.5017
363 388 -34.965
388 388 94.0394
389 388 -22.9885
390 388 -7.07714
391 388 -7.07714
395 388 -4.73934
401 388 -9.4162
405 388 -7.77605
375 389 -105.82
388 389 -22.9885
389 389 128.809
388 390 -7.07714
390 390 7.07714
388 391 -7.07714
391 391 7.07714
383 392 -6.96379
392 392 10.4156
395 392 -3.45185
393 393 32.2581
474 393 -16.129
479 393 -16.129
357 394 -0.57006
394 394 20.1625
395 394 -19.5925
357 395 -0.737246
363 395 -4.92611
388 395 -4.73934
392 395 -3.45185
394 395 -19.5925
395 395 785.908
398 395 -76.3359
399 395 -77.5194
405 395 -10.7181
406 395 -473.788
407 395 -89.2857
474 395 -24.8139
396 396 97.0309
406 396 -86.4304
716 396 -5.33618
717 396 -5.26427
397 397 690.476
716 397 -357.143
717 397 -333.333
356 398 -8.25083
395 398 -76.3359
398 398 84.5867
395 399 -77.5194
399 399 77.5194
400 400 10000
473 400 -10000
388 401 -9.4162
401 401 29.1098
402 401 -8.03859
714 401 -11.655
401 402 -8.03859
402 402 8.03859
362 403 -11.0375
403 403 11.0375
375 404 -2.10881
404 404 5.64488
409 404 -3.53607
388 405 -7.77605
395 405 -10.7181
405 405 18.4942
395 406 -473.788
396 406 -86.4304
406 406 10591.2
479 406 -23.9702
483 406 -10000
716 406 -3.51989
717 406 -3.47246
363 407 -10.7585
395 407 -89.2857
407 407 100.044
352 408 -2.93427
408 408 2.93427
352 409 -6.68896
404 409 -3.53607
409 409 10.225
410 410 10155.5
411 410 -10000
412 410 -80.1925
731 410 -75.3012
15 411 -1574.8
410 411 -10000
411 411 11741.8
476 411 -48.8998
477 411 -68.3739
486 411 -49.7512
38 412 -5.60255
410 412 -80.1925
412 412 111.706
413 412 -9.42507
478 412 -3.2532
709 412 -0.646538
724 412 -12.5865
14 413 -12.9534
99 413 -2.39063
412 413 -9.42507
413 413 24.7691
414 414 319.016
431 414 -227.273
433 414 -91.7431
415 415 319.016
432 415 -227.273
433 415 -91.7431
79 416 -48.0769
416 416 362.042
433 416 -91.7431
462 416 -222.222
79 417 -48.0769
417 417 362.042
433 417 -91.7431
462 417 -222.222
418 418 39.2582
419 418 -9.38967
545 418 -29.8686
418 419 -9.38967
419 419 9.38967
420 420 1716.99
421 420 -38.7597
422 420 -11.5607
470 420 -1666.67
420 421 -38.7597
421 421 38.7597
420 422 -11.5607
422 422 11.5607
423 423 606.961
425 423 -526.316
516 423 -80.6452
424 424 293.411
466 424 -212.766
516 424 -80.6452
54 425 -119.048
423 425 -526.316
425 425 905.995
426 425 -73.5294
427 425 -35.5872
466 425 -151.515
425 426 -73.5294
426 426 536.205
437 426 -454.546
519 426 -8.13008
425 427 -35.5872
427 427 35.5872
428 428 305.94
429 428 -25
430 428 -37.037
431 428 -121.951
432 428 -121.951
428 429 -25
429 429 25
428 430 -37.037
430 430 37.037
414 431 -227.273
428 431 -121.951
431 431 349.224
415 432 -227.273
428 432 -121.951
432 432 349.224
414 433 -91.7431
415 433 -91.7431
416 433 -91.7431
417 433 -91.7431
433 433 602.028
434 433 -32.0513
510 433 -181.818
564 433 -21.1864
433 434 -32.0513
434 434 32.0513
435 435 83.682
510 435 -83.682
436 436 21.4592
534 436 -21.4592
426 437 -454.546
437 437 548.225
438 437 -45.6621
439 437 -6.22278
441 437 -12.1212
458 437 -29.6736
437 438 -45.6621
438 438 45.6621
437 439 -6.22278
439 439 22.0206
440 439 -11.1682
460 439 -4.62963
439 440 -11.1682
440 440 11.1682
437 441 -12.1212
441 441 45.4102
442 441 -33.2889
441 442 -33.2889
442 442 33.2889
443 443 1625.39
444 443 -73.5294
470 443 -1111.11
506 443 -155.039
516 443 -285.714
443 444 -73.5294
444 444 1323.53
458 444 -1250
54 445 -184.524
445 445 298.367
446 445 -46.729
447 445 -67.1141
445 446 -46.729
446 446 46.729
54 447 -147.059
80 447 -476.19
445 447 -67.1141
447 447 1251.7
449 447 -73.5294
537 447 -487.805
81 448 -158.73
448 448 178.454
464 448 -19.7239
447 449 -73.5294
449 449 2073.53
450 449 -2000
81 450 -175.439
449 450 -2000
450 450 2196.81
451 450 -21.3675
450 451 -21.3675
451 451 21.3675
78 452 -101.01
80 452 -98.0392
452 452 237.363
453 452 -38.3142
452 453 -38.3142
453 453 38.3142
79 454 -377.358
454 454 413.33
455 454 -35.9712
454 455 -35.9712
455 455 35.9712
456 456 105.573
457 456 -24.2718
564 456 -81.3008
456 457 -24.2718
457 457 24.2718
437 458 -29.6736
444 458 -1250
458 458 1323.68
459 458 -18.6916
460 458 -25.3164
458 459 -18.6916
459 459 18.6916
439 460 -4.62963
458 460 -25.3164
460 460 51.6852
461 460 -21.7391
460 461 -21.7391
461 461 21.7391
416 462 -222.222
417 462 -222.222
462 462 492.988
463 462 -48.5437
462 463 -48.5437
463 463 48.5437
81 464 -18.7266
448 464 -19.7239
464 464 86.2965
465 464 -26.8817
545 464 -20.9644
464 465 -26.8817
465 465 92.6712
968 465 -65.7895
424 466 -212.766
425 466 -151.515
466 466 414.032
467 466 -49.7512
466 467 -49.7512
467 467 49.7512
468 468 10000
544 468 -10000
469 469 10000
543 469 -10000
420 470 -1666.67
443 470 -1111.11
470 470 2777.78
471 471 71.3025
472 471 -24.6711
478 471 -11.0108
481 471 -2.51756
492 471 -2.24341
707 471 -5.08647
708 471 -25.7732
471 472 -24.6711
472 472 24.6711
400 473 -10000
473 473 10004.1
474 473 -4.095
359 474 -18.5545
363 474 -5.5991
393 474 -16.129
395 474 -24.8139
473 474 -4.095
474 474 69.1915
3 475 -8.71536
475 475 31.9473
710 475 -12.285
724 475 -10.9469
411 476 -48.8998
476 476 81.2622
482 476 -32.3625
411 477 -68.3739
477 477 228.759
478 477 -160.385
103 478 -10000
412 478 -3.2532
471 478 -11.0108
477 478 -160.385
478 478 10195.9
708 478 -20.6749
709 478 -0.602845
358 479 -46.9484
361 479 -9.4518
393 479 -16.129
406 479 -23.9702
479 479 118.973
480 479 -9.02527
714 479 -8.41043
726 479 -5.03778
361 480 -500
479 480 -9.02527
480 480 509.025
471 481 -2.51756
481 481 26.8922
484 481 -4.5977
485 481 -4.42556
491 481 -2.89276
492 481 -3.44151
733 481 -9.01713
476 482 -32.3625
482 482 111.103
483 482 -78.7402
406 483 -10000
482 483 -78.7402
483 483 10078.7
481 484 -4.5977
484 484 22.317
709 484 -10.7066
733 484 -7.01262
481 485 -4.42556
485 485 12.7312
491 485 -8.30565
44 486 -10000
411 486 -49.7512
486 486 10101.3
731 486 -51.5464
487 487 5.74383
491 487 -5.74383
488 488 5.74383
491 488 -5.74383
489 489 6.96864
492 489 -6.96864
490 490 7.07714
492 490 -7.07714
481 491 -2.89276
485 491 -8.30565
487 491 -5.74383
488 491 -5.74383
491 491 41.5686
492 491 -16.9133
734 491 -1.9692
471 492 -2.24341
481 492 -3.44151
489 492 -6.96864
490 492 -7.07714
491 492 -16.9133
492 492 10036.6
707 492 -10000
493 493 11.236
707 493 -11.236
494 494 121.951
505 494 -121.951
495 495 46.2963
513 495 -46.2963
496 496 303.03
521 496 -303.03
497 497 104.167
522 497 -104.167
498 498 20.0803
523 498 -20.0803
499 499 87.3317
500 499 -39.3701
819 499 -23.9808
914 499 -23.9808
499 500 -39.3701
500 500 39.3701
501 501 227.983
502 501 -33.1963
505 501 -18.5874
507 501 -58.1395
521 501 -32.6797
531 501 -42.5532
536 501 -42.8265
501 502 -33.1963
502 502 120.839
607 502 -33.3333
609 502 -11.0254
613 502 -27.3224
937 502 -15.9617
503 503 121.516
507 503 -42.9185
513 503 -55.5556
553 503 -23.0415
121 504 -51.0204
213 504 -73.5294
504 504 195.978
505 504 -71.4286
494 505 -121.951
501 505 -18.5874
504 505 -71.4286
505 505 292.526
521 505 -41.4938
526 505 -17.6056
578 505 -21.4592
48 506 -10000
443 506 -155.039
506 506 10155
501 507 -58.1395
503 507 -42.9185
507 507 295.708
508 507 -12.0337
509 507 -53.0504
515 507 -20.4918
521 507 -39.0625
522 507 -40.1606
547 507 -29.8508
507 508 -12.0337
508 508 265.044
619 508 -175.439
639 508 -56.4972
781 508 -21.0748
507 509 -53.0504
509 509 912.198
511 509 -12.0919
515 509 -82.6446
520 509 -238.095
534 509 -526.316
433 510 -181.818
435 510 -83.682
510 510 2646.45
520 510 -2380.95
509 511 -12.0919
511 511 29.7886
914 511 -6.77966
926 511 -10.917
512 512 99.0099
520 512 -99.0099
495 513 -46.2963
503 513 -55.5556
513 513 185.307
514 513 -9.38086
540 513 -74.0741
513 514 -9.38086
514 514 28.3245
790 514 -11.2867
795 514 -7.65697
507 515 -20.4918
509 515 -82.6446
515 515 688.143
516 515 -416.667
517 515 -10.3413
518 515 -18.1818
536 515 -80.6452
547 515 -59.1716
423 516 -80.6452
424 516 -80.6452
443 516 -285.714
515 516 -416.667
516 516 863.671
515 517 -10.3413
517 517 27.5301
993 517 -12.9534
995 517 -4.23549
515 518 -18.1818
518 518 18.1818
426 519 -8.13008
519 519 93.0436
957 519 -16.4204
967 519 -68.4931
509 520 -238.095
510 520 -2380.95
512 520 -99.0099
520 520 2718.06
496 521 -303.03
501 521 -32.6797
505 521 -41.4938
507 521 -39.0625
521 521 520.433
522 521 -104.167
497 522 -104.167
507 522 -40.1606
521 522 -104.167
522 522 260.499
523 522 -12.0048
498 523 -20.0803
522 523 -12.0048
523 523 247.527
582 523 -196.078
770 523 -3.67579
779 523 -11.6009
802 523 -4.08664
524 524 220.543
533 524 -158.73
985 524 -43.8597
1001 524 -17.9533
525 525 78.7402
568 525 -78.7402
505 526 -17.6056
526 526 71.7446
527 526 -21.4592
531 526 -32.6797
526 527 -21.4592
527 527 149.738
921 527 -4.55373
933 527 -5.62113
1068 527 -35.2734
1073 527 -30.6748
1074 527 -25.8398
1124 527 -26.3158
528 528 336.292
529 528 -196.078
809 528 -56.1798
819 528 -84.0336
528 529 -196.078
529 529 196.078
530 530 261.718
578 530 -9.70874
583 530 -9.25926
780 530 -5.39084
797 530 -4.80077
803 530 -232.558
501 531 -42.5532
526 531 -32.6797
531 531 204.138
532 531 -53.7173
534 531 -75.188
531 532 -53.7173
532 532 527.873
554 532 -35.9712
647 532 -113.636
652 532 -91.3242
663 532 -45.8716
668 532 -63.2911
672 532 -12.9702
673 532 -32.7869
677 532 -28.2486
908 532 -13.7552
912 532 -18.4843
918 532 -6.42673
1047 532 -11.3895
524 533 -158.73
533 533 158.73
436 534 -21.4592
509 534 -526.316
531 534 -75.188
534 534 740.919
535 534 -21.4592
536 534 -56.4972
542 534 -40
534 535 -21.4592
535 535 37.4849
885 535 -16.0256
501 536 -42.8265
515 536 -80.6452
534 536 -56.4972
536 536 698.459
537 536 -416.667
538 536 -21.1416
539 536 -18.1818
542 536 -62.5
447 537 -487.805
536 537 -416.667
537 537 904.472
536 538 -21.1416
538 538 105.91
809 538 -33.7838
914 538 -7.0028
948 538 -11.1732
953 538 -10.4877
964 538 -22.3214
536 539 -18.1818
539 539 18.1818
513 540 -74.0741
540 540 95.5333
800 540 -21.4592
541 541 13.9958
543 541 -13.9958
534 542 -40
536 542 -62.5
542 542 256.968
543 542 -42.9185
545 542 -21.4592
546 542 -90.0901
469 543 -10000
541 543 -13.9958
542 543 -42.9185
543 543 10075.1
544 543 -18.1818
468 544 -10000
543 544 -18.1818
544 544 10018.2
418 545 -29.8686
464 545 -20.9644
542 545 -21.4592
545 545 72.2922
125 546 -100
542 546 -90.0901
546 546 190.09
507 547 -29.8508
515 547 -59.1716
547 547 89.0224
548 548 7.94281
551 548 -7.94281
549 549 8.53242
563 549 -8.53242
550 550 35.3357
566 550 -35.3357
548 551 -7.94281
551 551 65.6272
552 551 -17.5131
555 551 -15.4799
566 551 -24.6914
551 552 -17.5131
552 552 35.1024
558 552 -3.01205
560 552 -14.5773
34 553 -13.1752
503 553 -23.0415
553 553 67.9899
561 553 -26.738
710 553 -5.03525
532 554 -35.9712
554 554 351.651
574 554 -93.4579
909 554 -222.222
551 555 -15.4799
555 555 58.73
556 555 -16.2602
557 555 -8.59107
564 555 -10.9529
566 555 -7.44602
555 556 -16.2602
556 556 150.628
559 556 -64.9351
579 556 -7.88644
621 556 -45.0451
903 556 -16.5017
555 557 -8.59107
557 557 25.1474
558 557 -16.5563
552 558 -3.01205
557 558 -16.5563
558 558 103.31
979 558 -4.59982
980 558 -12.407
986 558 -12.0919
989 558 -14.4405
991 558 -13.86
998 558 -8.06127
1000 558 -18.2815
556 559 -64.9351
559 559 73.9117
579 559 -8.97666
552 560 -14.5773
560 560 20.0477
980 560 -5.47046
553 561 -26.738
561 561 200.633
562 561 -135.135
566 561 -38.7597
561 562 -135.135
562 562 143.595
563 562 -8.46024
1 563 -5.73066
2 563 -5.73066
549 563 -8.53242
562 563 -8.46024
563 563 31.8404
567 563 -3.38639
433 564 -21.1864
456 564 -81.3008
555 564 -10.9529
564 564 113.44
565 565 5.01756
567 565 -5.01756
11 566 -9.71817
550 566 -35.3357
551 566 -24.6914
555 566 -7.44602
561 566 -38.7597
566 566 120.183
567 566 -4.23191
563 567 -3.38639
565 567 -5.01756
566 567 -4.23191
567 567 12.6359
525 568 -78.7402
568 568 164.055
773 568 -6.57462
795 568 -78.7402
569 569 20.0803
785 569 -20.0803
570 570 14.7059
579 570 -14.7059
571 571 11.4286
776 571 -11.4286
572 572 14.8588
783 572 -14.8588
573 573 18.5185
796 573 -18.5185
554 574 -93.4579
574 574 93.4579
575 575 400
581 575 -400
576 576 23.7431
582 576 -13.3156
784 576 -10.4275
577 577 897.215
786 577 -769.231
802 577 -8.93655
1090 577 -119.048
505 578 -21.4592
530 578 -9.70874
578 578 45.9828
780 578 -14.8148
556 579 -7.88644
559 579 -8.97666
570 579 -14.7059
579 579 84.4619
580 579 -2.91545
782 579 -20.4918
783 579 -7.85546
895 579 -18.2149
927 579 -3.4153
579 580 -2.91545
580 580 16.7467
587 580 -13.8313
575 581 -400
581 581 427.649
776 581 -9.65717
796 581 -4.69043
797 581 -7.42942
799 581 -5.87199
523 582 -196.078
576 582 -13.3156
582 582 209.394
530 583 -9.25926
583 583 29.9835
780 583 -13.0378
803 583 -7.6864
584 584 52.2541
585 584 -45.6621
1068 584 -6.59196
584 585 -45.6621
585 585 121.882
607 585 -38.9105
613 585 -34.0136
659 585 -3.29598
586 586 2.53807
597 586 -2.53807
580 587 -13.8313
587 587 66.8263
598 587 -14.0845
614 587 -38.9105
588 588 10.0041
595 588 -5.06586
597 588 -4.93827
589 589 6.07533
591 589 -6.07533
590 590 11.7799
595 590 -4.40529
616 590 -7.37463
589 591 -6.07533
591 591 15.8601
601 591 -9.78474
592 592 7.5643
611 592 -7.5643
593 593 10.5374
604 593 -10.5374
594 594 63.6943
600 594 -63.6943
588 595 -5.06586
590 595 -4.40529
595 595 9.47114
596 596 22.0726
597 596 -4.83793
603 596 -6.49351
607 596 -10.7411
586 597 -2.53807
588 597 -4.93827
596 597 -4.83793
597 597 12.3143
587 598 -14.0845
598 598 14.0845
599 599 6.03865
1105 599 -6.03865
594 600 -63.6943
600 600 346.18
601 600 -4.7081
782 600 -277.778
591 601 -9.78474
600 601 -4.7081
601 601 23.9183
602 601 -5.24659
633 601 -4.17886
601 602 -5.24659
602 602 10.1971
640 602 -4.9505
596 603 -6.49351
603 603 49.1781
604 603 -4.83793
605 603 -10.9649
1092 603 -26.8817
593 604 -10.5374
603 604 -4.83793
604 604 30.8
612 604 -7.84314
615 604 -7.5815
603 605 -10.9649
605 605 31.2901
607 605 -20.3252
606 606 3.74392
610 606 -3.74392
502 607 -33.3333
585 607 -38.9105
596 607 -10.7411
605 607 -20.3252
607 607 103.31
608 608 44.1091
610 608 -41.1523
1101 608 -2.95683
502 609 -11.0254
609 609 20.3104
1068 609 -9.28505
606 610 -3.74392
608 610 -41.1523
610 610 44.8962
592 611 -7.5643
611 611 19.3568
615 611 -11.7925
604 612 -7.84314
612 612 7.84314
502 613 -27.3224
585 613 -34.0136
613 613 61.336
587 614 -38.9105
614 614 38.9105
604 615 -7.5815
611 615 -11.7925
615 615 19.374
590 616 -7.37463
616 616 7.37463
617 617 51.0204
1123 617 -51.0204
618 618 27.5733
629 618 -10.0908
639 618 -17.4825
508 619 -175.439
619 619 180.439
620 619 -5
619 620 -5
620 620 7.08986
632 620 -2.08986
556 621 -45.0451
621 621 137.261
624 621 -87.7193
1061 621 -4.4964
622 622 12.4667
625 622 -10.6724
641 622 -1.79437
623 623 18.4185
639 623 -10.3734
642 623 -8.04505
621 624 -87.7193
624 624 110.761
638 624 -23.0415
622 625 -10.6724
625 625 17.1281
635 625 -6.45578
626 626 8.50433
634 626 -5.62746
635 626 -2.87687
627 627 15.8228
639 627 -15.8228
628 628 43.104
631 628 -33.2226
642 628 -9.88142
618 629 -10.0908
629 629 5125.03
637 629 -5000
643 629 -114.942
630 630 27.8692
631 630 -5.9312
635 630 -4.34783
796 630 -17.5902
628 631 -33.2226
630 631 -5.9312
631 631 39.1538
620 632 -2.08986
632 632 10.6866
634 632 -6.8306
641 632 -1.76616
601 633 -4.17886
633 633 4.17886
626 634 -5.62746
632 634 -6.8306
634 634 12.4581
625 635 -6.45578
626 635 -2.87687
630 635 -4.34783
635 635 18.688
636 635 -5.00751
635 636 -5.00751
636 636 8.03965
1094 636 -3.03214
629 637 -5000
637 637 5000
624 638 -23.0415
638 638 23.0415
508 639 -56.4972
618 639 -17.4825
623 639 -10.3734
627 639 -15.8228
639 639 100.176
602 640 -4.9505
640 640 4.9505
622 641 -1.79437
632 641 -1.76616
641 641 3.56053
623 642 -8.04505
628 642 -9.88142
642 642 17.9265
629 643 -114.942
643 643 114.942
644 644 87.8136
652 644 -55.5556
662 644 -32.2581
645 645 32.2326
650 645 -26.8097
1060 645 -5.42299
646 646 35.2361
664 646 -30.4878
1051 646 -4.74834
532 647 -113.636
647 647 132.433
1041 647 -18.797
648 648 87.5595
678 648 -64.9351
1042 648 -22.6244
649 649 89.5049
672 649 -40
1055 649 -49.505
645 650 -26.8097
650 650 43.7588
653 650 -16.9491
651 651 35.8325
670 651 -15.1286
1045 651 -20.7039
532 652 -91.3242
644 652 -55.5556
652 652 4092.36
653 652 -4.4405
663 652 -3333.33
666 652 -97.0874
668 652 -158.73
676 652 -18.5529
1054 652 -333.333
650 653 -16.9491
652 653 -4.4405
653 653 31.9941
1048 653 -10.6044
654 654 184.768
677 654 -39.8406
1057 654 -144.928
655 655 330.645
657 655 -80.6452
665 655 -250
656 656 4.0404
678 656 -4.0404
655 657 -80.6452
657 657 188.172
1055 657 -107.527
658 658 298.246
671 658 -131.579
672 658 -166.667
585 659 -3.29598
659 659 65.796
677 659 -62.5
660 660 36.6052
1050 660 -17.0358
1058 660 -19.5695
661 661 500
677 661 -500
644 662 -32.2581
662 662 90.3976
672 662 -58.1395
532 663 -45.8716
652 663 -3333.33
663 663 3379.2
646 664 -30.4878
664 664 60.0736
1056 664 -29.5858
655 665 -250
665 665 340.09
682 665 -90.0901
652 666 -97.0874
666 666 623.403
681 666 -526.316
667 667 5.49451
1051 667 -5.49451
532 668 -63.2911
652 668 -158.73
668 668 222.021
669 669 400
679 669 -66.6667
1058 669 -333.333
651 670 -15.1286
670 670 69.1826
1121 670 -54.054
658 671 -131.579
671 671 184.77
679 671 -53.1915
532 672 -12.9702
649 672 -40
658 672 -166.667
